00075 00078 00071 00070 00072 00133 00074 00131 00135 00143 
00076 00140 00200 00207 00199 00205 00262 00203 00196 00270 
00193 00263 00204 00325 00326 00268 00257 00327 00324 00331 
00322 00392 00398 00397 00387 00391 00321 00394 00454 00456 
00462 00463 00455 00388 00395 00517 00520 00526 00527 00525 
00519 00515 00458 00460 00452 00450 00449 00524 00584 00583 
00645 00648 00655 00653 00654 00643 00588 00587 00580 00650 
00652 00644 00709 00710 00715 00706 00719 00717 00718 00711 
00707 00773 00776 00781 00775 00716 00771 00770 00838 00847 
00839 00641 00843 00836 00844 00842 00900 00901 00910 00899 
00705 00971 00964 00908 01035 01099 01090 00965 00968 00833 
00973 00967 01163 00963 01030 01032 01039 00970 01218 01094 
01103 01101 01095 01102 01291 01282 01091 01157 01158 01100 
01167 01159 01155 01222 01355 01346 01231 01164 01219 01228 
01419 01483 01347 01414 01487 