00072 00070 00067 00065 00077 00076 00074 00075 00079 00078 
00066 00136 00141 00132 00131 00143 00142 00198 00193 00200 
00205 00196 00201 00202 00195 00204 00207 00203 00206 00262 
00264 00269 00271 00268 00326 00328 00333 00330 00323 00385 
00390 00325 00331 00332 00392 00393 00394 00389 00395 00396 
00334 00454 00449 00461 00456 00452 00458 00398 00460 00518 
00513 00520 00516 00515 00521 00522 00577 00582 00527 00523 
00517 00524 00580 00585 00579 00586 00581 00588 00526 00646 
00648 00653 00644 00649 00651 00645 00705 00712 00713 00707 
00714 00709 00769 00774 00781 00776 00778 00718 00780 00782 
00833 00838 00845 00840 00837 00843 00844 00902 00909 00904 
00905 00899 00906 00846 00901 00961 00966 00968 00963 00970 
00965 00972 00971 00974 01027 01034 01035 01097 01038 01100 
01099 00834 01161 01162 01164 01163 01166 01221 01228 01285 
01292 01230 01356 01420 01484 01541 