00070 00065 00068 00071 00077 00074 00075 00078 00134 00141 
00137 00131 00140 00143 00142 00196 00201 00202 00195 00197 
00206 00269 00260 00265 00261 00271 00263 00268 00322 00326 
00330 00329 00323 00390 00325 00332 00335 00388 00393 00394 
00389 00395 00396 00334 00461 00457 00458 00398 00463 00453 
00455 00460 00518 00513 00525 00516 00515 00577 00582 00527 
00519 00517 00524 00579 00586 00581 00587 00646 00653 00644 
00649 00650 00647 00651 00645 00654 00705 00707 00714 00716 
00774 00778 00771 00718 00775 00833 00838 00841 00842 00837 
00843 00902 00906 00846 00908 00907 00961 00966 00965 00972 
00974 01037 01033 01027 01035 01094 01097 01038 01099 00834 
01161 01163 01166 01226 01228 01227 01285 01230 01420 01541 
