00068 00073 00069 00071 00079 00070 00072 00074 00065 00134 
00131 00135 00076 00139 00130 00140 00129 00198 00200 00206 
00207 00199 00262 00203 00196 00264 00194 00270 00263 00204 
00265 00258 00268 00257 00328 00334 00327 00324 00331 00322 
00398 00387 00332 00321 00394 00454 00456 00385 00463 00451 
00455 00388 00395 00517 00527 00515 00458 00460 00459 00452 
00450 00521 00522 00524 00516 00584 00583 00648 00654 00586 
00585 00588 00580 00578 00513 00650 00652 00644 00710 00715 
00706 00711 00707 00773 00577 00783 00775 00782 00716 00714 
00777 00772 00771 00770 00838 00840 00847 00846 00843 00841 
00844 00842 00907 00900 00901 00904 00911 00910 00903 00705 
00971 00969 00964 00906 00908 01033 01028 01099 01090 01092 
00966 00965 00968 00833 00975 00967 00974 01031 00972 01227 
01218 01027 00897 01034 01036 01096 01095 01102 01291 01282 
01091 01157 01158 01100 01159 01355 01346 01231 01162 01223 
01219 01419 01286 01283 01359 01483 01481 01347 01423 01545 
01487 01609 01673 01615 01679 01737 01801 01865 