00068 00073 00071 00070 00072 00074 00142 00141 00131 00135 
00136 00143 00076 00130 00140 00200 00261 00199 00205 00262 
00201 00196 00269 00263 00202 00204 00265 00258 00325 00326 
00268 00257 00328 00334 00335 00327 00324 00329 00389 00392 
00398 00330 00397 00387 00321 00394 00454 00396 00456 00385 
00462 00463 00451 00455 00393 00517 00520 00526 00525 00515 
00458 00460 00452 00449 00581 00582 00521 00524 00516 00584 
00590 00583 00645 00648 00653 00586 00643 00585 00578 00650 
00644 00710 00713 00706 00719 00717 00718 00711 00707 00773 
00776 00577 00783 00781 00775 00716 00714 00777 00772 00771 
00770 00780 00778 00835 00841 00844 00842 00900 00898 00902 
00901 00911 00909 00910 00899 00705 00964 00908 01033 01028 
01097 01090 00966 00965 00833 00975 00973 00974 00963 01029 
01032 01031 00970 00972 01225 01027 01034 01096 01101 01095 
01289 01282 01091 01157 01158 01098 01100 01167 01159 01155 
01353 01231 01223 01164 01219 01228 01417 01286 01295 01347 
01423 01545 01487 01609 01615 01737 