00073 00066 00071 00079 00070 00072 00067 00065 00131 00135 
00136 00076 00139 00130 00140 00200 00261 00195 00199 00205 
00262 00196 00194 00270 00263 00265 00325 00268 00257 00328 
00335 00327 00324 00331 00392 00398 00397 00387 00391 00321 
00454 00456 00385 00462 00463 00451 00455 00393 00395 00517 
00520 00526 00525 00515 00460 00452 00450 00449 00581 00582 
00521 00524 00583 00645 00646 00648 00653 00654 00643 00585 
00587 00580 00578 00513 00649 00715 00713 00708 00706 00717 
00718 00707 00773 00774 00776 00577 00783 00781 00777 00772 
00771 00770 00838 00840 00847 00846 00641 00835 00843 00844 
00907 00900 00911 00910 00899 00705 00971 00969 00964 00962 
00908 01033 01028 01099 01097 01090 00966 00965 00968 00833 
00975 00973 00974 01032 00972 01225 01036 01096 01101 01095 
01291 01289 01282 01091 01157 01158 01100 01167 01159 01155 
01231 01223 01164 01219 01295 01283 01359 01483 01545 01487 
01673 01737 