00068 00073 00069 00071 00070 00077 00072 00067 00135 00136 
00143 00076 00132 00139 00130 00138 00140 00200 00261 00195 
00199 00205 00262 00201 00203 00196 00264 00269 00263 00259 
00204 00265 00325 00266 00326 00268 00328 00335 00327 00324 
00331 00389 00392 00398 00330 00397 00387 00391 00453 00394 
00456 00463 00451 00455 00393 00388 00395 00517 00518 00520 
00526 00527 00525 00519 00515 00458 00452 00450 00521 00524 
00523 00516 00584 00590 00645 00648 00653 00586 00643 00585 
00580 00578 00650 00649 00709 00710 00715 00713 00706 00719 
00717 00718 00707 00773 00776 00783 00781 00716 00714 00777 
00772 00771 00770 00837 00846 00844 00842 00907 00905 00900 
00898 00901 00904 00910 00903 00899 00971 00964 00906 00908 
01033 01026 01028 01099 01097 01090 00966 00968 00975 01161 
01030 00972 01218 01225 01034 01094 01096 01101 01095 01102 
01291 01282 01157 01158 01100 01159 01155 01231 01162 01223 
01219 01226 01419 01417 01286 01295 01283 01359 01483 01481 
01347 01545 01487 01609 01673 01615 01801 01865 