00073 00069 00071 00079 00070 00072 00074 00065 00141 00131 
00135 00136 00143 00076 00139 00138 00140 00200 00261 00199 
00205 00262 00201 00203 00264 00270 00193 00263 00265 00325 
00326 00268 00257 00327 00331 00398 00397 00387 00391 00321 
00394 00454 00396 00456 00385 00463 00451 00455 00393 00395 
00520 00526 00527 00515 00458 00457 00460 00452 00521 00522 
00524 00516 00583 00579 00648 00655 00653 00586 00643 00585 
00588 00580 00650 00644 00715 00712 00717 00718 00707 00773 
00776 00577 00781 00775 00782 00714 00779 00777 00771 00838 
00847 00780 00778 00843 00841 00844 00900 00902 00911 00909 
00910 00899 00705 00964 00906 00908 01033 01028 01099 01097 
01092 00966 00965 00833 01156 00963 01029 01032 01031 00970 
00972 01225 01034 01036 01094 01093 01096 01095 01291 01091 
01157 01158 01098 01100 01167 01159 01155 01222 01231 01223 
01164 01219 01228 01286 01295 01283 01359 01483 01347 01487 
01609 01673 01615 01801 01865 
