00073 00072 00067 00068 00077 00074 00075 00079 00078 00066 
00134 00136 00131 00130 00133 00143 00139 00193 00200 00205 
00201 00195 00199 00206 00257 00264 00269 00259 00267 00271 
00263 00322 00326 00321 00328 00330 00329 00323 00385 00325 
00331 00335 00393 00394 00395 00334 00449 00461 00456 00452 
00451 00458 00398 00463 00453 00455 00518 00513 00520 00516 
00515 00577 00582 00527 00523 00517 00589 00580 00579 00586 
00526 00646 00648 00653 00644 00649 00643 00647 00651 00645 
00705 00712 00707 00714 00711 00715 00774 00776 00778 00771 
00718 00775 00833 00838 00845 00840 00843 00902 00909 00904 
00905 00906 00846 00901 00907 00961 00968 00969 00970 00965 
00971 00974 01032 01034 01035 01094 01097 01038 01099 01102 
01162 01166 01226 01221 01227 01285 01230 01477 01541 
