00072 00067 00076 00074 00075 00079 00066 00134 00131 00139 
00193 00200 00205 00201 00195 00197 00204 00207 00258 00206 
00262 00264 00269 00266 00271 00263 00326 00328 00329 00270 
00325 00331 00335 00393 00394 00391 00395 00396 00334 00449 
00456 00451 00458 00398 00463 00453 00460 00518 00513 00520 
00522 00527 00523 00524 00589 00579 00586 00583 00591 00581 
00450 00646 00648 00653 00649 00643 00647 00651 00645 00652 
00654 00705 00712 00707 00714 00711 00715 00778 00771 00718 
00775 00780 00838 00845 00840 00841 00835 00842 00837 00843 
00897 00902 00909 00906 00846 00908 00907 00966 00968 00970 
00965 00971 00974 01037 01032 01027 01034 01036 01035 01101 
01097 01038 01099 00834 01161 01164 01166 01228 01292 01291 
01230 01349 01356 01484 01541 