00066 00069 00071 00077 00072 00133 00074 00065 00141 00131 
00136 00076 00139 00130 00140 00200 00261 00195 00199 00205 
00196 00264 00194 00269 00204 00265 00267 00258 00325 00268 
00257 00328 00327 00324 00331 00322 00389 00398 00397 00387 
00391 00332 00321 00394 00456 00385 00462 00463 00451 00455 
00393 00395 00386 00517 00520 00526 00525 00519 00515 00460 
00459 00452 00450 00449 00521 00514 00584 00591 00583 00645 
00653 00654 00586 00585 00588 00580 00578 00650 00652 00649 
00644 00715 00713 00706 00719 00717 00718 00707 00773 00577 
00783 00781 00716 00714 00777 00772 00771 00840 00847 00839 
00846 00780 00843 00844 00842 00907 00905 00900 00899 00705 
00969 00964 00962 00908 01033 01026 01028 01090 01092 00968 
00833 00975 01161 01156 00963 01031 00970 00972 01227 01218 
01027 00897 01034 01096 01101 01095 01291 01282 01091 01098 
01167 01159 01353 01346 01231 01223 01164 01219 01228 01419 
01417 01359 01483 01347 01545 01487 01609 01673 01615 01737 
01801 