00068 00073 00071 00079 00070 00077 00072 00133 00074 00065 
00141 00136 00143 00076 00137 00130 00138 00140 00200 00199 
00205 00201 00196 00264 00194 00270 00193 00263 00204 00265 
00267 00258 00325 00326 00268 00257 00324 00331 00392 00398 
00330 00391 00332 00321 00394 00396 00456 00385 00462 00463 
00455 00395 00517 00518 00520 00526 00527 00458 00457 00452 
00450 00449 00581 00521 00524 00516 00514 00584 00589 00583 
00645 00648 00655 00654 00647 00586 00585 00580 00578 00650 
00652 00651 00649 00644 00715 00708 00706 00712 00717 00711 
00773 00776 00577 00783 00781 00775 00714 00779 00777 00772 
00770 00847 00839 00846 00641 00843 00841 00844 00842 00901 
00909 00910 00903 00705 00971 00964 00962 00908 01033 01028 
01097 01090 00966 00965 00833 00967 01161 01030 01029 01037 
01031 00972 01227 01034 01036 01094 01096 01101 01095 01291 
01282 01158 01098 01167 01159 01222 01353 01346 01231 01164 
01228 01419 01417 01286 01295 01483 01481 01423 01545 01487 
01609 01615 01679 01737 01865 