00073 00072 00070 00067 00071 00069 00076 00075 00078 00066 
00134 00136 00141 00137 00138 00131 00130 00193 00200 00205 
00196 00201 00202 00204 00206 00264 00260 00261 00267 00268 
00322 00326 00330 00329 00323 00385 00325 00331 00393 00394 
00334 00461 00458 00398 00453 00455 00460 00518 00513 00520 
00525 00516 00515 00577 00582 00523 00517 00524 00584 00589 
00585 00579 00586 00583 00581 00587 00641 00646 00648 00653 
00644 00649 00650 00647 00651 00645 00514 00654 00712 00708 
00707 00711 00715 00716 00769 00774 00781 00777 00778 00718 
00775 00578 00833 00838 00845 00840 00841 00842 00843 00902 
00909 00904 00905 00901 00907 00706 00961 00970 00965 00972 
00971 00974 01037 01027 01029 01035 01097 01098 01038 01099 
00834 01161 01166 01225 01226 01221 01228 01285 01356 01420 
01477 01541 