00073 00072 00067 00071 00076 00074 00079 00066 00141 00137 
00131 00135 00139 00193 00205 00196 00202 00197 00204 00207 
00264 00269 00265 00263 00268 00326 00321 00328 00329 00323 
00325 00331 00327 00332 00392 00388 00393 00394 00391 00399 
00395 00461 00451 00457 00463 00453 00459 00460 00518 00513 
00516 00515 00577 00582 00527 00523 00517 00524 00579 00586 
00581 00588 00646 00648 00653 00649 00650 00647 00651 00645 
00652 00514 00705 00710 00712 00707 00711 00709 00715 00778 
00771 00775 00773 00833 00838 00845 00840 00841 00835 00842 
00837 00843 00902 00909 00904 00905 00906 00901 00907 00961 
00963 00970 00965 00972 00971 01030 01037 01027 01034 01036 
01035 01094 01101 01097 01099 00834 01161 01164 01163 01225 
01226 01228 01227 01285 01292 01356 01413 01420 01484 01541 
