00072 00067 00077 00076 00075 00079 00134 00141 00137 00138 
00131 00143 00139 00142 00198 00200 00205 00196 00201 00202 
00199 00204 00203 00206 00262 00264 00269 00260 00259 00271 
00263 00326 00328 00329 00390 00331 00335 00397 00394 00387 
00391 00395 00396 00334 00461 00456 00457 00458 00398 00460 
00386 00513 00520 00525 00516 00515 00577 00582 00527 00523 
00524 00580 00579 00586 00587 00646 00648 00653 00647 00651 
00654 00705 00717 00712 00713 00707 00716 00769 00774 00778 
00771 00718 00775 00780 00833 00838 00845 00840 00841 00835 
00843 00902 00909 00904 00905 00908 00907 00961 00966 00973 
00968 00971 00974 01037 01027 01035 01101 01097 01100 01099 
00834 01164 01163 01225 01226 01228 01230 01356 01420 