00041 00044 00047 00049 00051 00077 00083 00085 00087 00097 
00098 00102 00121 00130 00140 00156 00183 00200 00217 00243 
00250 00250 00260 00272 00291 00292 00336 00350 00389 00391 
00407 00418 00431 00455 00479 00511 00529 00546 00572 00589 
00599 00618 00623 00631 00638 00677 00703 00704 00724 00741 
00758 00759 00776 00783 00797 00826 00838 00844 00871 00889 
00895 00903 00921 00931 00958 00971 00989 01020 01059 01114 
01138 01172 01208 01228 01235 01255 01273 01306 01307 01308 
01323 01365 01376 01385 01410 01416 01432 01442 01453 01472 
01490 01516 01518 01532 01563 01581 01609 01620 01638 01673 
01686 01699 01710 01718 01756 01780 01791 01811 01820 01841 
01860 01881 01892 01900 01924 01984 02003 02013 02030 02045 
02052 02079 02097 02113 02127 02146 02159 02179 02209 02222 
02243 02257 02265 02323 02336 02346 02386 02394 02418 02432 
02435 02474 02480 02510 02540 02556 02572 02628 02647 02680 
02734 02748 02770 02782 02800 02810 02829 02847 02865 02881 
02902 