00009 00010 00015 00030 00045 00047 00058 00079 00117 00136 
00147 00159 00186 00219 00241 00255 00281 00297 00302 00312 
00357 00374 00401 00424 00427 00449 00451 00465 00491 00501 
00533 00543 00545 00554 00566 00574 00583 00585 00605 00606 
00610 00660 00690 00695 00736 00738 00750 00761 00781 00786 
00819 00834 00868 00870 00895 00899 00904 00916 00961 00963 
00990 01004 01025 01042 01059 01083 01103 01115 01139 01150 
01159 01171 01191 01206 01214 01241 01262 01275 01277 01333 
01334 01364 01367 01398 01413 01419 01436 01448 01466 01466 
01478 01486 01518 01535 01551 01564 01580 01607 01631 01649 
01688 01696 01710 01730 01740 01768 01773 01806 01823 01838 
01846 01863 01874 01884 01933 01951 01973 02004 02017 02046 
02055 02082 02101 02111 02125 02169 02182 02188 02209 02220 
