00011 00018 00041 00044 00047 00051 00060 00083 00097 00098 
00098 00107 00134 00140 00167 00200 00217 00243 00250 00250 
00260 00292 00312 00323 00350 00389 00431 00475 00479 00486 
00502 00511 00529 00546 00589 00599 00631 00638 00656 00677 
00704 00724 00741 00758 00759 00783 00797 00813 00826 00844 
00871 00889 00903 00921 00943 00958 00971 00989 01004 01012 
01020 01043 01114 01138 01149 01156 01181 01196 01228 01235 
01249 01255 01273 01290 01308 01349 01365 01376 01385 01416 
01432 01453 01472 01475 01490 01516 01518 01532 01581 01596 
01609 01620 01638 01650 01659 01686 01695 01710 01718 01754 
01768 01791 01841 01860 01881 01892 01900 01916 01924 01942 
01965 01984 02013 02030 02045 02052 02079 02097 02113 02127 
02146 02159 02179 02243 02288 02323 02363 02394 02418 02432 
02455 02472 02474 02480 02495 02495 02523 02540 02556 02572 
02628 02652 02664 02680 02749 02762 02770 02782 02829 02847 
02881 02926 