00004 00041 00047 00049 00051 00076 00083 00097 00098 00107 
00134 00156 00167 00191 00200 00217 00250 00260 00272 00292 
00312 00323 00342 00350 00365 00371 00376 00389 00407 00418 
00431 00479 00486 00495 00511 00513 00529 00563 00572 00583 
00599 00623 00631 00638 00656 00668 00677 00703 00704 00724 
00758 00783 00797 00813 00826 00844 00861 00871 00889 00903 
00916 00921 00943 00958 00971 00989 01020 01036 01043 01082 
01114 01138 01156 01221 01228 01235 01255 01273 01306 01306 
01323 01349 01385 01416 01432 01442 01453 01472 01490 01516 
01532 01546 01554 01563 01581 01596 01609 01620 01686 01695 
01699 01710 01718 01734 01754 01756 01780 01791 01820 01860 
01881 01892 01900 01924 01942 01953 01965 01984 02003 02013 
02030 02045 02052 02070 02079 02113 02127 02159 02196 02199 
02209 02233 02288 02323 02325 02336 02346 02363 02394 02418 
02432 02455 02474 02480 02495 02523 02572 02587 02598 02605 
02652 02664 02680 02699 02725 02734 02782 02829 02865 02881 
02926 02937 