00004 00018 00026 00044 00047 00077 00097 00107 00167 00183 
00191 00200 00250 00260 00272 00291 00292 00323 00365 00389 
00391 00407 00418 00431 00455 00475 00479 00502 00529 00546 
00599 00623 00631 00638 00677 00703 00704 00724 00741 00758 
00776 00826 00844 00861 00871 00889 00895 00903 00921 00931 
00943 00956 00958 00971 00989 01020 01043 01059 01073 01097 
01104 01106 01138 01156 01181 01196 01221 01228 01235 01255 
01273 01306 01307 01308 01323 01341 01349 01365 01385 01416 
01432 01453 01490 01516 01518 01532 01554 01581 01596 01609 
01620 01638 01650 01659 01681 01686 01695 01699 01718 01734 
01748 01754 01768 01780 01791 01801 01848 01860 01881 01892 
01916 01924 01942 01953 01984 02013 02030 02045 02052 02079 
02097 02127 02146 02159 02179 02189 02196 02209 02252 02257 
02288 02325 02346 02394 02418 02455 02474 02480 02495 02523 
02540 02572 02587 02605 02628 02664 02680 02699 02714 02770 
02782 02829 02847 02865 02902 02937 