00010 00015 00030 00032 00045 00047 00050 00058 00079 00096 
00108 00117 00147 00180 00186 00193 00208 00213 00219 00227 
00241 00286 00297 00326 00357 00374 00405 00413 00424 00465 
00481 00509 00518 00533 00545 00554 00565 00585 00605 00610 
00622 00629 00647 00660 00675 00714 00738 00751 00761 00772 
00781 00804 00834 00853 00868 00870 00899 00904 00916 00921 
00961 00963 00990 00993 01018 01025 01042 01059 01072 01103 
01115 01139 01150 01159 01180 01191 01209 01214 01225 01299 
01301 01333 01334 01348 01364 01382 01398 01413 01419 01436 
01503 01518 01535 01607 01630 01631 01649 01696 01710 01730 
01740 01753 01773 01806 01823 01837 01846 01863 01874 01903 
01909 01933 01951 01965 02017 02030 02055 02082 02101 02111 
02144 02169 02188 02220 