00009 00010 00024 00030 00045 00047 00058 00096 00098 00108 
00136 00145 00147 00168 00186 00193 00219 00241 00255 00273 
00281 00286 00297 00374 00405 00423 00424 00427 00449 00465 
00491 00518 00533 00554 00558 00566 00583 00601 00605 00610 
00622 00629 00634 00647 00660 00690 00703 00714 00738 00750 
00751 00761 00781 00786 00804 00834 00853 00868 00870 00895 
00897 00899 00904 00916 00935 00961 00963 00990 00993 01004 
01018 01025 01042 01059 01083 01103 01115 01139 01150 01159 
01191 01206 01262 01275 01288 01301 01312 01333 01334 01348 
01364 01398 01413 01419 01466 01486 01518 01535 01564 01593 
01607 01630 01649 01688 01696 01710 01730 01740 01753 01784 
01823 01837 01846 01884 01909 01926 01933 01973 01989 02004 
02030 02055 02082 02101 02111 02125 02144 02169 02188 02209 
