00009 00010 00015 00028 00030 00033 00045 00047 00050 00058 
00079 00117 00193 00227 00255 00273 00281 00286 00302 00326 
00374 00402 00423 00424 00449 00465 00491 00533 00566 00583 
00585 00605 00610 00629 00660 00695 00703 00714 00738 00750 
00761 00781 00804 00843 00853 00870 00874 00895 00899 00904 
00916 00921 00935 00961 00963 00983 00993 01025 01042 01059 
01083 01103 01115 01139 01150 01159 01171 01214 01241 01251 
01275 01288 01327 01333 01334 01364 01413 01419 01436 01448 
01466 01466 01486 01518 01535 01551 01564 01593 01607 01630 
01631 01640 01666 01680 01696 01710 01730 01740 01753 01784 
01796 01806 01823 01874 01884 01909 01933 01951 01989 02004 
02017 02069 02082 02111 02125 02144 02188 02200 02220 