00010 00015 00028 00045 00050 00058 00079 00096 00108 00147 
00159 00186 00219 00227 00255 00273 00281 00298 00302 00312 
00326 00357 00421 00427 00449 00465 00488 00491 00533 00543 
00558 00583 00585 00589 00605 00610 00622 00629 00647 00675 
00682 00703 00714 00736 00738 00772 00781 00786 00804 00819 
00834 00868 00870 00874 00895 00899 00904 00916 00945 00961 
00963 00983 00990 01018 01025 01042 01083 01101 01103 01115 
01139 01150 01159 01191 01214 01225 01262 01277 01299 01301 
01333 01334 01364 01398 01413 01436 01448 01466 01466 01478 
01486 01518 01551 01559 01564 01574 01580 01593 01607 01631 
01640 01649 01688 01710 01730 01740 01784 01796 01806 01823 
01846 01863 01884 01909 01926 01933 01973 02030 02069 02082 
02111 02125 02144 02162 02188 02200 02209 02220 