00011 00041 00047 00049 00051 00077 00083 00087 00097 00098 
00098 00107 00121 00134 00140 00156 00167 00191 00200 00250 
00250 00260 00272 00291 00292 00303 00323 00342 00344 00350 
00365 00376 00389 00418 00455 00475 00479 00486 00503 00511 
00529 00583 00589 00599 00623 00631 00638 00677 00703 00724 
00741 00758 00759 00797 00813 00817 00826 00861 00871 00889 
00895 00903 00921 00931 00943 00958 00971 01012 01020 01043 
01082 01114 01156 01181 01228 01235 01255 01306 01306 01323 
01385 01416 01453 01516 01518 01532 01537 01554 01563 01581 
01596 01609 01620 01650 01673 01695 01718 01748 01754 01756 
01768 01780 01791 01801 01834 01860 01881 01892 01900 01924 
01965 01976 01984 02013 02030 02045 02079 02113 02127 02159 
02179 02188 02243 02257 02265 02288 02304 02323 02346 02375 
02394 02418 02432 02455 02474 02480 02510 02523 02540 02572 
02605 02628 02647 02652 02680 02699 02734 02749 02782 02829 
02847 02865 02881 02897 02902 02937 02950 