00011 00041 00047 00049 00051 00076 00083 00097 00098 00102 
00107 00134 00140 00167 00183 00200 00217 00232 00243 00250 
00250 00260 00272 00291 00303 00312 00323 00342 00350 00389 
00418 00431 00455 00475 00479 00486 00511 00546 00589 00599 
00631 00638 00656 00668 00677 00703 00704 00724 00758 00759 
00783 00797 00813 00826 00844 00871 00889 00895 00903 00916 
00921 00931 00943 00971 00989 01020 01043 01073 01082 01097 
01104 01156 01228 01235 01249 01273 01306 01306 01341 01349 
01365 01385 01410 01416 01442 01453 01472 01490 01516 01518 
01532 01554 01563 01581 01609 01620 01659 01686 01696 01699 
01734 01801 01841 01860 01881 01892 01900 01942 01965 01984 
02030 02045 02052 02079 02097 02127 02196 02209 02222 02233 
02257 02265 02283 02288 02323 02325 02346 02363 02394 02412 
02418 02432 02455 02474 02480 02495 02523 02540 02556 02587 
02605 02618 02628 02652 02664 02680 02699 02749 02782 02822 
02829 02881 02902 02918 02926 02937 02950 