00009 00010 00030 00032 00045 00070 00079 00096 00098 00108 
00117 00136 00145 00159 00168 00186 00193 00219 00241 00255 
00273 00297 00314 00326 00352 00357 00374 00423 00424 00427 
00449 00465 00481 00491 00518 00533 00543 00545 00558 00574 
00585 00601 00605 00610 00622 00629 00634 00647 00675 00695 
00703 00714 00736 00738 00751 00761 00781 00786 00804 00804 
00819 00843 00868 00870 00897 00899 00904 00916 00921 00963 
00990 01004 01018 01025 01042 01059 01083 01103 01115 01139 
01150 01171 01180 01191 01214 01251 01277 01299 01301 01319 
01348 01364 01382 01388 01398 01413 01419 01436 01448 01466 
01486 01518 01535 01551 01580 01630 01639 01680 01696 01710 
01740 01753 01773 01784 01796 01863 01884 01909 01926 01933 
01973 01989 02000 02030 02055 02069 02082 02111 02125 02138 
02144 02188 02209 02220 