00018 00028 00041 00049 00051 00076 00077 00083 00087 00097 
00098 00107 00134 00140 00167 00200 00217 00243 00250 00250 
00292 00303 00312 00342 00376 00389 00407 00418 00431 00475 
00479 00486 00511 00529 00546 00563 00572 00599 00631 00638 
00656 00668 00677 00703 00724 00741 00758 00759 00783 00797 
00813 00826 00838 00844 00871 00889 00903 00916 00921 00943 
00956 00958 00971 00989 01020 01073 01082 01097 01114 01138 
01181 01196 01221 01235 01241 01255 01273 01306 01306 01308 
01323 01349 01365 01385 01410 01416 01432 01453 01472 01516 
01518 01532 01554 01563 01581 01596 01609 01650 01659 01673 
01686 01696 01718 01754 01756 01768 01780 01791 01881 01892 
01916 01924 01942 01965 01984 02003 02013 02052 02070 02113 
02127 02146 02196 02199 02209 02265 02283 02288 02304 02313 
02325 02336 02346 02394 02418 02432 02455 02474 02480 02510 
02540 02556 02605 02618 02628 02652 02664 02680 02699 02714 
02725 02770 02782 02810 02829 02847 02865 02881 02902 02926 
02937 