00004 00011 00041 00047 00051 00077 00085 00087 00097 00098 
00098 00102 00107 00140 00167 00200 00217 00250 00250 00260 
00272 00292 00342 00350 00371 00376 00389 00418 00431 00455 
00475 00479 00486 00495 00502 00511 00529 00532 00572 00589 
00599 00623 00631 00638 00677 00703 00704 00717 00724 00741 
00758 00759 00783 00797 00813 00844 00871 00889 00903 00921 
00931 00943 00958 00989 01004 01012 01020 01043 01059 01082 
01104 01114 01138 01156 01181 01221 01228 01235 01273 01306 
01323 01341 01365 01385 01410 01416 01432 01442 01453 01472 
01490 01516 01518 01532 01537 01554 01563 01581 01596 01609 
01620 01696 01699 01710 01734 01754 01756 01791 01801 01811 
01820 01841 01848 01860 01881 01892 01924 01965 01984 02013 
02045 02052 02079 02097 02127 02146 02159 02179 02209 02233 
02243 02265 02283 02288 02323 02325 02346 02394 02418 02432 
02472 02474 02480 02495 02495 02510 02523 02540 02556 02572 
02605 02628 02652 02664 02680 02699 02725 02734 02749 02810 
02822 02829 02847 02865 02902 02926 