00014 00024 00028 00030 00032 00047 00050 00070 00096 00117 
00136 00147 00175 00180 00193 00255 00273 00281 00286 00297 
00326 00374 00391 00401 00413 00423 00424 00427 00440 00449 
00488 00491 00501 00518 00533 00554 00558 00574 00583 00585 
00601 00610 00622 00629 00660 00695 00703 00714 00736 00738 
00751 00761 00781 00786 00804 00819 00834 00868 00870 00895 
00897 00904 00916 00961 00963 00990 00993 01025 01059 01072 
01083 01103 01115 01139 01150 01180 01191 01241 01251 01288 
01301 01333 01334 01348 01364 01398 01413 01448 01466 01478 
01486 01518 01580 01593 01630 01631 01649 01666 01710 01730 
01753 01773 01796 01806 01846 01863 01884 01909 01933 01951 
01973 02017 02030 02055 02082 02101 02111 02144 02188 02220 
